$ 1 0.000005 10.20027730826997 50 5 43 5e-11
f 400 272 448 272 33 1 0.02
g 448 352 448 368 0 0
r 368 208 416 208 0 1000000
r 288 272 240 272 0 2200
r 448 144 448 96 0 470
R 240 80 208 80 0 0 40 5 0 0 0.5
R 128 192 128 160 0 0 40 3.3 0 0 0.5
w 448 256 448 208 0
w 448 288 448 352 0
w 448 144 448 208 0
w 352 208 352 272 0
162 320 80 384 80 2 default-led 1 0 0 0.01
s 160 192 224 192 0 0 false
s 128 320 128 384 0 1 false
w 384 80 448 80 0
w 448 80 448 96 0
w 320 80 240 80 0
w 368 208 352 208 0
w 416 208 448 208 0
r 128 256 128 208 0 100000
w 128 256 128 272 0
w 128 208 128 192 0
w 128 320 128 272 0
g 128 384 128 400 0 0
s 320 304 320 368 0 1 false
w 336 272 352 272 0
w 384 272 400 272 0
w 368 272 352 272 0
w 384 272 368 272 0
34 zener-4 1 1.7143528192810002e-7 0 2.0000000000000084 4 1
z 400 384 400 320 2 zener-4
w 400 320 400 272 0
g 400 416 400 432 0 0
w 400 416 400 384 0
R 320 128 320 96 0 0 40 3.3 0 0 0.5
w 320 272 336 272 0
w 320 272 288 272 0
g 320 416 320 432 0 0
s 320 128 320 192 0 1 false
w 320 240 320 272 0
w 320 304 320 272 0
w 320 416 320 368 0
r 320 240 320 192 0 1
w 240 272 128 272 0
